有两组协方差，在底盘运动时，取第一组数据；在底盘静止时，取第二组数据
ODOM_POSE_COVARIANCE = [1e-3, 0, 0, 0, 0, 0, 
                        0, 1e-3, 0, 0, 0, 0,
                        0, 0, 1e6, 0, 0, 0,
                        0, 0, 0, 1e6, 0, 0,
                        0, 0, 0, 0, 1e6, 0,
                        0, 0, 0, 0, 0, 1e3]
ODOM_POSE_COVARIANCE2 = [1e-9, 0, 0, 0, 0, 0, 
                         0, 1e-3, 1e-9, 0, 0, 0,
                         0, 0, 1e6, 0, 0, 0,
                         0, 0, 0, 1e6, 0, 0,
                         0, 0, 0, 0, 1e6, 0,
                         0, 0, 0, 0, 0, 1e-9]

ODOM_TWIST_COVARIANCE = [1e-3, 0, 0, 0, 0, 0, 
                         0, 1e-3, 0, 0, 0, 0,
                         0, 0, 1e6, 0, 0, 0,
                         0, 0, 0, 1e6, 0, 0,
                         0, 0, 0, 0, 1e6, 0,
                         0, 0, 0, 0, 0, 1e3]
ODOM_TWIST_COVARIANCE2 = [1e-9, 0, 0, 0, 0, 0, 
                          0, 1e-3, 1e-9, 0, 0, 0,
                          0, 0, 1e6, 0, 0, 0,
                          0, 0, 0, 1e6, 0, 0,
                          0, 0, 0, 0, 1e6, 0,
                          0, 0, 0, 0, 0, 1e-9]
